515.9263189831543,168.0638910003662
515.6854137562893,171.65044336787224
518.7862869856976,175.5673948158419
518.3415310784911,178.3008344546509
517.2444965588855,181.4172896578884
521.4370057114112,184.13256002448915
525.2079174264525,187.3200982229614
530.133841486988,187.91075566469195
534.4678189902592,185.86254246420384
538.8972372734986,183.94287061473727
543.2223024676548,184.8137963622743
546.3849948919802,180.98186166568462
550.9515390782547,182.43324142810823
554.8878775485753,185.5134834142399
559.6794373456042,186.75880519567016
564.1540664404869,188.43523899612433
567.6201013386536,190.67490139903072
571.0179310662842,193.2001041296387
567.9597333646012,196.92177912178045
571.3914371363076,200.2386868826354
573.9942568507875,204.48120391912877
576.2373899863537,208.9256076772821
578.6382053634454,213.23900373802664
578.9446114418413,218.23216161155705
579.7946429644913,223.12563846252442
581.973017089844,227.59183197265628
582.5810494531252,231.9167705859375
584.4726472702704,236.53020363205377
586.7760422859718,240.94981716145514
586.5258009293273,243.43878468136788
582.9941668786431,241.4754977207994
581.0254310655976,245.47413326602933
579.1617358817805,249.97384011893507
579.7197475248911,254.50289184911722
577.7924651110008,258.47320689681766
582.4037746392062,260.1459929748201
585.5358363661604,258.9825959368977
586.20568834404,254.10069125080102
587.9445864275999,249.49051109828227
589.5251862475969,251.76590511215204
590.8314540734991,255.4025306277716
593.1744133432009,258.0500615368652
589.7374672199954,260.40114655790865
594.4895162636456,261.8324279828316
598.352650148387,264.3573330866909
600.6906216553737,268.58313054890755
597.8837953820052,271.8352071019358
593.6583283385706,271.07562110280037
589.5034129574361,268.33332602538474
584.7103781672366,267.8952414271028
581.635036440592,271.2191560871268
585.527643232422,274.08791281005864
590.4601565571834,274.90940901810563
594.7126004535295,276.71709368793495
599.1679508837509,277.5381641297913
599.9611075579645,280.1698582972384
600.4609757991535,284.53324007743663
601.4595646643068,289.41086827804565
597.6404396875,290.19915437500003
597.5761150033898,294.60557227388506
597.2141838458468,298.3296731251129
600.128636399231,302.3869458157349
602.449330269366,306.5327822579087
601.7910034645943,309.9731585095049
597.0987841932941,308.2560662062394
592.6602944763184,306.0429927492524
587.8189939728333,304.8551910428048
584.0904306431486,306.92651399011146
588.5737779600298,308.884932323462
593.4576366071618,310.0128133554352
594.2795027757837,311.37819089096246
589.2950681796599,311.21792933701045
585.7224400832224,313.88227106352815
590.2165315727043,315.9095772177315
589.3030057165528,318.5042731555175
587.3859962971878,321.32056318548206
591.9038753592796,323.4324578009048
590.6459269723177,326.06249105610846
589.8757469438638,328.46180867112395
593.2725252776052,332.08621610624317
595.7379313120271,336.42473216659545
595.6171609545751,339.1929967155113
600.0013244138671,336.809124021551
604.2006008027203,338.31500983468413
601.6984051757163,341.93952051595346
597.2374194000197,344.1338855016861
593.2797979486467,345.4006363514411
595.8578107141268,349.68542125244045
599.0708104442944,353.41758906841034
603.4741958840657,355.7296361222302
605.2897678104061,359.8785716608864
606.8264634008766,364.4582103912329
606.8049219681693,369.1572948522281
610.9590391678524,371.3381247877502
613.8820037703769,375.32311860341247
618.4157641206501,377.1189749091148
622.8866141970282,378.8675573821669
627.0724953447245,381.57614407734866
630.9562125273133,381.26593741302486
633.1823578014755,377.28746991519927
636.2004627939266,373.32996364300425
638.5302000724141,369.42823339727516
638.5496539012352,365.81910130112277
635.9664867321158,361.659411011238
638.6941896816909,357.5163960433793
641.6848765286255,353.5696420791626
643.0524221719884,348.78027393967625
642.2641933478229,343.96493941873246
645.8595773693537,340.84384977472234
647.0094569754863,335.97332905971166
649.5512133506587,332.7057894163179
653.6570072205703,329.8371669541245
656.4279654631042,325.95156425880424
658.3738362779236,322.2694089682006
660.9127834774781,326.3920839617919
664.3349550375988,325.6591525328636
666.307167435303,323.3603275982666
669.8333274702456,321.27402425811766
672.84039843387,317.2714204941219
675.7412657098773,313.2097809832001
678.6322093053057,309.14846128527165
679.924716818967,304.3271702169991
682.1109659932185,300.48633090047844
685.9354082225218,303.47142444452044
690.9235005718997,303.46612498168946
695.5962111459609,301.72894387199483
699.8717329695014,299.16200121860624
704.331955439426,296.925942457363
708.7380637500003,294.5709081250001
712.8204789695837,291.8854288276864
714.9890940751869,287.67347381848356
719.03790704834,284.75730472259534
722.1950260466292,280.9958668255139
723.3240485297707,278.812752221349
718.3441964445499,278.52454212474834
714.3364865513065,275.81480112164206
709.4682983924107,276.813990072651
705.1908586624779,279.26668093681536
700.2708973948613,280.19851883931284
697.9934090499881,279.1606592648697
702.5145949867633,277.01692893064023
699.6320699693929,276.3532738616439
694.6441814568427,276.03514706043364
695.2313061718753,272.07159572265624
699.9431795176056,270.4176692038161
697.9891724096683,267.0350078710938
700.3321198748783,262.9954751309204
700.4291142686657,258.0199044439697
703.8465781013698,258.50930046370047
708.287242163153,260.78982668024065
712.4070691887608,263.6100367996812
714.1526288654252,261.6641614407283
716.1096236720385,263.80786812865415
717.3898858916774,268.6347259696369
718.6415810142978,273.4657310927373
721.7962429446902,272.6806698265767
724.4726906796648,275.44409137788773
725.4917883198273,272.1410073110213
726.2350649929813,267.20506295234685
726.231423824335,262.216205083039
724.503862426758,262.03195076904296
719.9149286600497,262.4707775448608
719.1575803321739,259.29054773360843
723.2819177965525,256.4923455082655
724.5442591129998,254.68539189761398
719.5465562258581,254.8318604513359
717.6119115625004,251.62636390625
715.3798897089545,247.6043864849842
711.1483746316532,248.40040026397705
707.1043452738365,246.3660804074514
710.4665975337616,243.44560134358454
714.3048807730314,241.87288295410391
712.1415636707923,239.202523940271
707.8429227170566,241.7277108919966
703.6027923042096,241.0309497796016
704.8735128125004,238.72905859375
709.7844565419296,237.80202103230954
709.2705396648984,234.10891948480605
704.2758441366581,234.01642147583007
708.3525489519884,232.89876081514834
711.5718416222146,229.26248206038474
713.3199224707035,226.2688789321899
717.5323503877953,224.5934501729333
721.5608938311822,225.72510335508463
719.2272850784116,227.661975535984
719.8604218644921,229.91141527144907
724.0619054502714,232.6279740558022
727.9526257793717,234.89350532298084
727.4950544064037,230.32103472944493
731.1400044961933,228.16961499500272
732.0605015720275,223.44366241885183
727.4007009796146,221.70394188537594
722.6063895122912,220.34002333133694
722.5012877541361,218.592897112773
723.3622537268452,214.99487036495205
727.3192826050066,214.00688449313947
728.1369366625597,217.3802664388179
731.2424850804381,219.992820744349
733.038737346573,218.07457251224508
737.4351107167531,217.21603217909808
737.0999519147492,213.36606591846459
732.417100843129,213.11536157808135
730.0358965330888,208.77806183506007
726.8691173608888,205.1878770258724
729.1258996637466,203.91051962224356
728.7991427715709,200.10445472843875
731.3144355892613,198.63801237196913
734.6523644140627,202.36238384521474
736.0687185017257,200.06045426852202
735.9746882896425,195.08372351432791
732.9115569624854,191.52411410342685
732.1916313996055,189.25979177244125
736.6880000669958,187.09959787273874
735.3855814062501,183.9614137499999
731.7818985476687,180.57468963470453
729.5385653567508,177.11852778717034
729.4156518703464,173.4772698499762
734.3628500525573,174.10595411627762
739.2471551989081,175.11141545647612
743.0178140815344,174.68779321676726
743.4163331509116,169.70551460964197
746.4035858042231,167.2480075697231
742.3277519933895,164.64154825279704
737.7920265797761,163.76755706037991
735.1604986968109,159.80543070732648
740.0291989088028,159.293198543289
743.1206865057966,157.82039098031336
739.6935610023119,154.52457425643914
735.4125228051915,152.30910831819048
732.1621437924482,156.1012913212966
731.316795361221,154.3849794799756
732.2582629526045,149.49028442293158
733.2853626534273,144.62654755835524
733.4061540174571,139.6579520239412
733.5812418339912,135.3141390589743
738.1273532474021,133.54084999999992
740.2099331008437,130.23121775825493
742.2057312500003,125.90599531249991
740.1656238189317,121.92976557238569
741.5606100027469,117.16307934997549
744.9938686740593,114.22110975442877
748.959163940827,112.05191036454667
749.0447922294716,107.17634588005534
744.7235749003995,105.80404748255737
740.2456165689997,107.07134268703211
737.5304010682348,111.26799294554701
738.0954691344624,108.33534816246163
739.432126329948,103.59142070516934
742.2874742182926,102.61937960914602
747.1297052514128,103.61611545222989
752.1049036209492,103.20746234792699
756.0289844839482,100.41856291778554
755.7484838290553,96.53369386385334
751.7602849414068,93.6919467343749
747.1742550680201,95.07147411845995
743.225322883578,92.08574782726595
738.7893711074404,92.20649270174302
737.5503353348855,93.3822264415435
742.3646653277506,92.014484628065
747.1685765177112,90.62857121104608
751.9233988864933,90.53874431489356
756.1458552040707,92.5108472230757
760.620499863153,90.32527650425091
764.0673330408292,86.70874874850549
765.2812160028844,82.37845296406545
765.1563813337998,80.82169351458016
769.335246387351,78.11413488541434
771.9358537622074,73.98203926831044
774.2251173437504,69.9528977480468
774.5605357858948,67.48325146149531
770.8342601239781,64.23251777714911
766.6363076750807,61.50948679360238
762.6882370169691,58.465200947391665
757.7402941135555,58.081541012875476
754.4645297399638,60.23360355700473
754.1294777339558,65.20887860612478
752.0757212896316,69.74100122058769
748.8894547476201,71.46934606143179
744.5349190593341,69.05151565846626
740.5579966591052,66.12128689327571
737.008786002203,69.13284868127019
734.2464416323985,73.28589911078853
732.277970225468,77.86993099759427
730.196798344727,82.40897616162098
727.3695512206868,86.47861887021244
723.481626760178,89.58120421573628
722.1251263115695,88.83861155645741
724.1283966963846,84.2476576803367
727.0798689600326,80.32856127254587
730.0508907421877,76.40416778124988
731.9195175000002,71.76684249999988
733.8192592569735,67.14719238675679
734.289371289063,62.17982812304677
733.8119224856368,57.284429722266786
732.3758201789078,52.49163299495645
727.7359531105606,52.351389227423226
723.3531440184312,53.65996708293046
723.9261705756894,58.5429651410888
723.5107843041995,62.90149758105459
719.0145274202564,65.0043137265931
714.3771205133679,66.83002897498216
710.4598030609294,69.14921828514632
706.7427960554937,67.8389432100565
711.1422666063639,65.43347062755329
715.5562567799749,63.114714980947404
718.9539982922545,59.62799615977343
718.5517213491825,54.70574848245229
714.9368100000005,56.2942042758178
712.5946498353162,59.10486015425622
708.9483816136377,57.57959314001
708.6061111287801,55.12427367624795
703.6096072092337,55.11370850526676
698.6138238875,55.37678957597047
693.7129787558048,55.622246291172026
689.2675725010705,57.891646308845225
684.4783739659221,59.345650457382206
679.8619453281718,61.049963474625855
676.3972115338045,62.16774749250007
675.7095266042096,58.35736851118994
680.3877971096804,56.60039028981873
684.7748493198781,54.25115792377472
689.1927951893817,51.93534154973078
693.8160302663808,50.04716452610827
698.7925177467642,49.75317438320722
703.7733872886641,50.2408513095828
708.7460123764359,50.71138234769667
713.7294148095709,50.47494854663087
717.7552703794462,47.562878490390425
722.0863489524847,45.06321344485426
725.1160677768034,41.11994358262074
728.5018091354071,37.99583940618718
726.9512010561962,33.791944163750685
723.4232166199118,30.358938697048195
718.8200085694461,28.385968604761132
714.3685630313116,26.147719648925793
710.1840272031409,28.498260297676097
711.5031928060346,24.159706267601024
710.5263103725856,19.418402745787155
706.409850303182,18.670280941071105
701.9128828547473,20.034590886812715
696.9068635032213,19.967346791691433
691.9639743952041,19.23330997690965
688.4792248555702,18.046204491552423
684.1205711210625,20.509279542053836
679.8853287978894,23.165123307802688
674.991446554624,24.06919996649326
670.6536620567031,26.255749955327637
666.2344112762266,28.537423072757253
664.0632412326348,25.146315279332704
667.9358863103444,24.703899009977945
672.6874135451562,23.160924456262126
677.0881950847252,21.031108107772834
676.3554390092798,18.575121294148
671.4844818966604,17.47077387386805
667.1493442412543,16.33233875249726
672.0574293469153,17.4956502928776
677.019926278846,17.99438894730613
682.0116723734004,17.941076581096485
686.9920730488157,17.508499833975645
691.9180338588448,17.2258297386843
696.8792035379035,17.608526387748718
701.8089132662541,16.764018765533567
706.4867922370058,15.557725524005892
706.2139633407598,10.62937517591553
702.445090105478,7.777230619861247
697.4644584620576,7.601868612671845
692.9730367394876,6.062422991155522
688.8773483750534,3.3066015846336367
684.2333664485664,1.6050375468619822
679.4103343280219,0.6753969036393164
674.4394927266585,0.5891734757214581
669.6486663946134,1.5976444887646972
665.1206461790084,3.6884129226001736
660.6785028255914,5.127834891330535
658.6137377587891,8.98764541508789
658.1828973224673,11.085080147387032
662.0553168229033,14.265667346732497
665.6809838624572,17.200811529391768
661.3214650831902,15.70117613011819
657.0335719375611,18.212961676811215
654.155486810608,20.650535144470215
652.9320011328124,24.333127749511718
648.248620658183,24.125100687155904
643.9083316674112,22.341237083351913
642.2829405627192,18.394403276009342
637.6395329874687,16.5779591705392
633.5552529201887,15.687558274089813
629.430702219238,18.00244065332031
627.4022542545555,21.755759058850764
628.6001526431272,26.236165289733886
633.4597013097366,27.190065183116328
638.3608112573241,28.025405837646485
642.7321641605471,30.081529583306224
645.9688170971679,33.577330683105465
645.4463288382713,38.4200825097627
643.165907351074,38.159865596225735
640.2194139694162,34.10549020146758
638.0873068400047,29.713955030182362
633.1412550861131,29.037580572567045
628.2222564062498,29.086348537109373
624.5173701616015,30.772402545640887
626.880151894531,35.17565877685547
628.9334420312498,39.717225531249994
631.0699486877868,43.99510148534584
633.413601583747,46.84185931343008
628.4132542597911,47.0673280710392
627.2326983746179,43.925821731844124
625.2631805859277,39.34348577867185
622.7082279957197,35.05249100984955
618.6244505255125,32.44804269522095
615.1447942655394,32.33588980192531
616.6940822198978,37.06324553214663
618.4868970065943,41.734723582280814
621.8128806359098,45.44414897524642
624.371939414228,49.71865351765536
625.9367013460811,54.44850232944363
627.4023347949214,59.17370335116578
628.5541085838695,64.05007413370895
625.0342829635915,62.344995725326655
621.5131379376217,58.802222465515136
619.1279119011082,54.523917390657786
616.5848446694181,50.4058886972084
613.4304248674675,46.53453646786356
609.9560289318844,42.95422620703124
607.005158963135,38.93975753714042
602.281526055034,37.68329425343132
600.0950815588498,40.13574482339665
601.8389855546926,44.80721037897106
603.3547818484016,49.57436860951614
605.7169575583823,53.974326892789435
605.8849937889124,57.68536540528249
601.4588311615082,56.795896505092614
597.1894670541903,54.2321992455458
593.5114532619489,56.46007629725843
592.043989066276,61.235389784908286
588.4001957598872,61.798141300682055
587.0546078338552,57.18946667593222
587.7238436908044,52.24596904926865
588.4731415246569,48.78902396993793
585.5569294167944,44.949270899566166
580.9219179159924,46.426867075881944
577.4433793307492,49.512809482025126
572.5265587156488,50.46505352248766
567.8544064705983,51.91917093495392
565.4247750051067,56.24085043020867
568.617529108347,59.80721764260315
572.5711244871518,62.84806047546385
574.7563740835758,66.3384802471733
569.8330679789941,65.48433621640471
565.9493781257244,62.856531351751784
564.191148259035,58.2719964051346
561.5329116119893,57.62895568221758
557.9507901039942,61.09614936030862
558.8791661196561,65.73739276153563
561.0736026757808,69.85768988632199
557.8699278080637,72.23037562324294
557.8153797599468,73.48407458467109
560.727282202891,77.51115920652153
563.3879579928094,81.74968386067671
565.0567031665034,86.3473549611816
561.0082304843336,85.35576050367209
557.0750785717579,82.27790409910007
553.6055076907343,78.7012142731628
551.1471702369226,78.5501231284887
547.9876420192605,82.3449946438382
545.0261817183585,85.5097151231006
544.7807959356685,89.36221855938717
540.4502241813299,91.88006742646073
537.0531673519894,95.28586814334103
536.1884145750423,100.1239422088699
536.4571901165004,105.11554513214108
540.664382454209,107.49262570905205
545.5757255893321,106.90540409721372
550.382012489471,105.56712107643125
551.1072231390891,105.57344254014535
546.4616803472898,107.41696464118957
546.2245262625119,111.58455130620001
546.8230081948009,115.86598332324861
545.3297086108396,120.61430820312498
542.9441162646482,125.0057766293335
540.1006815816113,127.49050877143858
535.1116984960125,127.78422593433854
530.1188790089634,127.46301342771648
525.7507895117184,129.77830455322265
523.1557087979098,133.89727976759255
519.9621100692491,137.6187396144177
515.9010332924261,140.532491840111
513.1702599999996,144.47422673645016
512.8888882114406,149.40977801149845
516.1524216714093,152.882990951004
520.7209500030086,154.84680716696263
524.0721198810801,158.14222779822347
527.2064017111966,161.02189100852965
531.9737660080878,160.09743696025427
536.6767254092215,158.47933976594922
540.8899781950663,160.69176426846025
538.5319663240317,163.36183280254062
533.5312324346016,163.48870885434624
530.6560113734815,165.3180586554336
526.9250851934036,166.3677346359222
522.17553674798,164.80907301342484
518.3988771308898,166.70679812873837
